2 3
2 5
2 65
2 67
3 4
3 5
3 65
3 66
4 4
4 66
8 3
8 5
8 65
8 67
9 4
9 5
9 65
9 66
10 4
10 66
12 11
13 12
13 13
14 11
14 12
17 2
17 68
18 3
18 4
18 66
18 67
19 2
19 3
19 67
19 68
27 46
28 45
29 12
29 14
29 22
29 23
29 24
29 45
29 46
29 47
29 56
29 58
30 13
30 14
30 24
30 56
30 57
31 13
31 23
31 36
31 37
31 57
32 35
32 36
33 37
34 51
34 52
34 53
35 51
36 28
36 29
36 52
37 29
37 30
38 28
42 28
42 29
43 29
43 30
44 28
70 10
70 11
70 59
70 60
71 9
71 11
71 59
71 61
72 11
72 59
76 9
76 61
77 9
77 10
77 60
77 61
78 8
78 10
78 60
78 62
