4 203
5 202
5 204
6 204
7 202
7 205
8 203
8 204
8 205
9 201
9 205
10 201
10 202
10 203
10 204
11 200
11 201
12 200
12 201
13 201
13 202
13 203
13 204
13 205
14 202
15 203
15 206
16 205
16 206
17 205
17 206
18 205
18 223
19 178
19 202
19 203
19 206
19 207
19 210
19 224
19 225
20 171
20 177
20 179
20 205
20 206
20 211
20 212
20 224
20 225
21 172
21 173
21 179
21 180
21 211
21 212
21 223
22 172
22 173
22 179
22 203
22 205
22 225
23 171
23 178
23 180
23 204
23 205
23 209
23 210
23 211
23 223
23 225
24 173
24 180
24 203
24 206
24 209
24 210
24 211
24 223
24 225
25 171
25 173
25 181
25 205
25 224
26 173
26 179
26 181
26 185
26 205
26 212
26 213
26 225
26 226
27 170
27 172
27 178
27 181
27 184
27 186
27 213
27 225
28 170
28 172
28 179
28 186
28 187
28 203
28 205
28 206
28 213
28 216
28 223
28 224
28 225
29 168
29 169
29 170
29 171
29 178
29 179
29 180
29 181
29 186
29 203
29 205
29 211
29 216
29 224
30 167
30 169
30 175
30 176
30 177
30 178
30 181
30 185
30 187
30 200
30 201
30 202
30 203
30 204
30 206
30 211
30 216
30 222
30 247
31 146
31 167
31 169
31 180
31 181
31 187
31 197
31 198
31 202
31 204
31 205
31 206
31 210
31 213
31 214
31 215
31 223
31 224
31 246
31 248
32 147
32 148
32 170
32 175
32 180
32 188
32 200
32 210
32 211
32 212
32 213
32 214
32 219
32 223
32 224
32 237
32 238
32 239
32 246
32 248
33 147
33 148
33 169
33 170
33 179
33 180
33 186
33 188
33 200
33 204
33 205
33 209
33 210
33 212
33 219
33 222
33 238
33 239
33 248
34 146
34 168
34 170
34 176
34 177
34 179
34 180
34 185
34 188
34 197
34 198
34 202
34 203
34 205
34 209
34 210
34 219
34 221
34 237
35 148
35 169
35 186
35 200
35 201
35 202
35 212
35 213
35 218
35 238
35 239
35 240
35 248
35 249
36 146
36 148
36 176
36 177
36 178
36 185
36 186
36 187
36 188
36 201
36 202
36 203
36 205
36 206
36 208
36 209
36 211
36 212
36 213
36 241
36 246
36 248
37 73
37 74
37 75
37 148
37 168
37 175
37 178
37 182
37 183
37 184
37 185
37 188
37 203
37 205
37 211
37 217
37 219
37 220
37 221
37 240
37 241
37 244
37 247
37 248
38 74
38 75
38 145
38 147
38 167
38 168
38 169
38 174
38 175
38 176
38 178
38 179
38 187
38 188
38 203
38 205
38 207
38 209
38 212
38 213
38 217
38 218
38 221
38 243
39 73
39 145
39 147
39 167
39 169
39 175
39 178
39 182
39 187
39 203
39 204
39 206
39 207
39 212
39 218
39 219
39 221
39 222
39 240
39 241
39 243
39 245
39 247
40 72
40 75
40 76
40 143
40 144
40 145
40 146
40 166
40 169
40 170
40 176
40 177
40 186
40 187
40 206
40 211
40 217
40 221
40 240
40 241
40 244
40 245
40 247
41 75
41 76
41 142
41 144
41 167
41 168
41 169
41 170
41 183
41 184
41 186
41 187
41 203
41 218
41 219
41 220
41 241
41 243
41 244
41 245
41 247
42 72
42 73
42 74
42 142
42 144
42 168
42 169
42 170
42 204
42 219
42 241
42 245
42 246
43 72
43 145
43 168
43 183
43 184
43 185
43 218
43 245
44 72
44 144
44 145
44 159
44 166
44 167
44 168
44 182
44 185
44 216
44 217
44 218
44 228
44 229
44 242
44 245
45 72
45 73
45 75
45 143
45 145
45 159
45 166
45 167
45 181
45 182
45 183
45 185
45 186
45 202
45 203
45 206
45 215
45 227
45 228
45 229
45 233
45 234
45 235
45 237
45 238
45 242
45 244
45 245
46 75
46 76
46 144
46 159
46 161
46 169
46 182
46 185
46 202
46 205
46 207
46 208
46 215
46 216
46 217
46 221
46 222
46 231
46 239
46 240
46 242
46 243
46 244
47 74
47 75
47 76
47 168
47 169
47 183
47 184
47 203
47 204
47 206
47 207
47 208
47 214
47 215
47 217
47 221
47 222
47 223
47 227
47 228
47 229
47 230
47 231
47 232
47 233
47 234
47 238
47 239
47 240
47 242
47 243
48 74
48 76
48 168
48 170
48 171
48 178
48 199
48 200
48 204
48 208
48 211
48 214
48 215
48 216
48 219
48 220
48 226
48 234
49 73
49 74
49 76
49 145
49 146
49 148
49 169
49 170
49 171
49 177
49 178
49 179
49 198
49 199
49 209
49 210
49 211
49 214
49 215
49 216
49 219
49 220
49 222
49 223
49 225
49 226
49 227
49 228
49 229
49 230
49 231
49 232
49 234
49 235
49 237
49 238
49 239
49 240
49 244
49 245
49 246
50 73
50 74
50 75
50 76
50 94
50 145
50 149
50 167
50 168
50 170
50 171
50 176
50 177
50 179
50 180
50 197
50 198
50 212
50 214
50 215
50 216
50 219
50 225
50 229
50 232
50 234
50 235
50 241
50 242
50 244
50 245
50 246
50 249
51 49
51 74
51 77
51 78
51 81
51 93
51 95
51 145
51 150
51 166
51 167
51 168
51 175
51 176
51 177
51 179
51 180
51 181
51 195
51 197
51 209
51 212
51 215
51 216
51 219
51 221
51 225
51 230
51 231
51 234
51 235
51 236
51 240
51 241
51 242
51 244
51 248
51 250
52 42
52 48
52 50
52 77
52 80
52 82
52 95
52 96
52 145
52 149
52 166
52 167
52 168
52 176
52 177
52 179
52 180
52 195
52 198
52 209
52 213
52 215
52 216
52 219
52 223
52 224
52 225
52 230
52 231
52 232
52 240
52 248
52 251
53 41
53 43
53 48
53 50
53 74
53 77
53 82
53 83
53 94
53 145
53 172
53 177
53 178
53 179
53 195
53 197
53 209
53 212
53 215
53 216
53 219
53 221
53 225
53 230
53 231
53 234
53 235
53 236
53 240
53 241
53 242
53 244
53 248
53 250
54 43
54 44
54 50
54 80
54 82
54 95
54 96
54 145
54 146
54 148
54 171
54 172
54 173
54 178
54 191
54 192
54 197
54 198
54 212
54 214
54 215
54 216
54 219
54 225
54 229
54 232
54 234
54 235
54 241
54 242
54 244
54 245
54 246
54 249
55 42
55 50
55 51
55 74
55 75
55 76
55 81
55 82
55 94
55 95
55 96
55 145
55 146
55 148
55 149
55 161
55 162
55 170
55 171
55 172
55 173
55 174
55 191
55 192
55 198
55 199
55 209
55 210
55 211
55 214
55 215
55 216
55 219
55 220
55 222
55 223
55 225
55 226
55 227
55 228
55 229
55 230
55 231
55 232
55 234
55 235
55 237
55 238
55 239
55 240
55 244
55 245
55 246
56 43
56 44
56 49
56 51
56 77
56 79
56 146
56 149
56 161
56 162
56 169
56 175
56 187
56 199
56 200
56 204
56 208
56 211
56 214
56 215
56 216
56 219
56 220
56 226
56 234
57 42
57 43
57 44
57 75
57 76
57 80
57 83
57 93
57 96
57 148
57 168
57 169
57 172
57 175
57 176
57 186
57 188
57 203
57 204
57 206
57 207
57 208
57 214
57 215
57 217
57 221
57 222
57 223
57 227
57 228
57 229
57 230
57 231
57 232
57 233
57 234
57 238
57 239
57 240
57 242
57 243
58 50
58 51
58 52
58 56
58 84
58 94
58 96
58 147
58 149
58 167
58 168
58 169
58 171
58 173
58 175
58 176
58 177
58 185
58 188
58 202
58 205
58 207
58 208
58 215
58 216
58 217
58 221
58 222
58 231
58 239
58 240
58 242
58 243
58 244
59 41
59 43
59 50
59 51
59 52
59 55
59 57
59 74
59 76
59 84
59 96
59 148
59 168
59 169
59 172
59 175
59 176
59 186
59 187
59 202
59 203
59 206
59 215
59 227
59 228
59 229
59 233
59 234
59 235
59 237
59 238
59 242
59 244
59 245
60 41
60 42
60 43
60 50
60 55
60 57
60 74
60 76
60 82
60 84
60 85
60 86
60 95
60 148
60 169
60 175
60 216
60 217
60 218
60 228
60 229
60 242
60 245
61 46
61 51
61 52
61 57
61 75
61 76
61 82
61 85
61 86
61 87
61 93
61 95
61 170
61 171
61 172
61 173
61 174
61 218
61 245
62 38
62 39
62 40
62 45
62 48
62 49
62 52
62 57
62 58
62 71
62 72
62 75
62 80
62 82
62 83
62 84
62 87
62 94
62 117
62 171
62 172
62 173
62 219
62 241
62 245
62 246
63 17
63 38
63 39
63 40
63 47
63 49
63 50
63 51
63 56
63 58
63 69
63 72
63 73
63 76
63 77
63 80
63 84
63 85
63 86
63 94
63 95
63 108
63 118
63 119
63 172
63 218
63 219
63 220
63 241
63 243
63 244
63 245
63 247
64 16
64 18
64 46
64 47
64 48
64 49
64 51
64 68
64 69
64 71
64 76
64 91
64 92
64 94
64 109
64 118
64 119
64 156
64 157
64 196
64 197
64 217
64 221
64 240
64 241
64 244
64 245
64 247
65 18
65 19
65 40
65 41
65 47
65 48
65 50
65 57
65 58
65 59
65 68
65 69
65 71
65 75
65 76
65 81
65 82
65 83
65 88
65 90
65 91
65 92
65 93
65 109
65 110
65 117
65 152
65 218
65 219
65 221
65 222
65 240
65 241
65 243
65 245
65 247
66 17
66 40
66 41
66 47
66 48
66 50
66 57
66 58
66 59
66 69
66 72
66 73
66 79
66 81
66 82
66 83
66 88
66 90
66 110
66 119
66 150
66 151
66 152
66 155
66 158
66 159
66 173
66 217
66 218
66 221
66 243
67 18
67 19
67 39
67 50
67 57
67 70
67 72
67 73
67 77
67 83
67 84
67 108
67 109
67 110
67 111
67 117
67 119
67 148
67 151
67 153
67 160
67 172
67 174
67 217
67 219
67 220
67 221
67 240
67 241
67 244
67 247
67 248
68 17
68 18
68 19
68 47
68 48
68 53
68 58
68 59
68 78
68 79
68 80
68 81
68 88
68 91
68 112
68 119
68 149
68 151
68 154
68 155
68 160
68 161
68 174
68 175
68 241
68 246
68 248
69 46
69 49
69 52
69 55
69 56
69 59
69 73
69 75
69 77
69 79
69 83
69 87
69 91
69 110
69 111
69 112
69 116
69 118
69 143
69 144
69 145
69 146
69 147
69 148
69 149
69 150
69 153
69 154
69 155
69 160
69 172
69 174
69 218
69 238
69 239
69 240
69 248
69 249
70 16
70 18
70 43
70 44
70 47
70 48
70 49
70 54
70 56
70 57
70 58
70 72
70 75
70 79
70 83
70 89
70 92
70 113
70 114
70 116
70 118
70 145
70 150
70 158
70 159
70 160
70 164
70 173
70 174
70 219
70 221
70 237
71 16
71 17
71 18
71 46
71 49
71 53
71 54
71 55
71 56
71 58
71 81
71 83
71 88
71 90
71 91
71 92
71 112
71 114
71 135
71 147
71 159
71 165
71 171
71 219
71 222
71 238
71 239
71 248
72 47
72 48
72 54
72 55
72 57
72 73
72 75
72 76
72 77
72 78
72 82
72 92
72 110
72 111
72 114
72 116
72 117
72 118
72 136
72 137
72 148
72 157
72 165
72 166
72 172
72 175
72 219
72 223
72 224
72 237
72 238
72 239
72 246
72 248
73 13
73 14
73 15
73 54
73 55
73 57
73 74
73 75
73 76
73 88
73 89
73 90
73 112
73 117
73 118
73 135
73 136
73 141
73 147
73 149
73 158
73 159
73 166
73 176
73 223
73 224
73 246
73 248
74 13
74 14
74 15
74 57
74 90
74 112
74 113
74 114
74 140
74 142
74 149
74 150
74 158
74 159
74 163
74 164
74 166
74 167
74 176
74 177
74 222
74 247
75 43
75 54
75 55
75 88
75 89
75 113
75 114
75 115
75 116
75 142
75 147
75 149
75 157
75 162
75 166
75 175
75 177
75 224
76 15
76 16
76 37
76 42
76 43
76 44
76 53
76 56
76 86
76 99
76 100
76 113
76 116
76 140
76 143
76 148
76 164
76 165
76 177
76 178
76 223
76 224
76 225
77 15
77 16
77 29
77 30
77 37
77 42
77 44
77 45
77 50
77 51
77 54
77 55
77 56
77 78
77 79
77 88
77 99
77 100
77 104
77 105
77 108
77 109
77 115
77 140
77 142
77 143
77 164
77 225
78 14
78 28
78 29
78 30
78 37
78 45
78 53
78 56
78 78
78 79
78 80
78 81
78 86
78 87
78 92
78 97
78 105
78 107
78 110
78 113
78 114
78 115
78 144
78 145
78 146
78 164
78 165
78 177
78 225
78 226
79 28
79 29
79 44
79 46
79 54
79 55
79 77
79 80
79 81
79 86
79 89
79 92
79 93
79 98
79 99
79 100
79 101
79 102
79 103
79 104
79 106
79 107
79 108
79 109
79 110
79 112
79 140
79 142
79 143
79 144
79 145
79 147
79 161
79 164
79 165
79 175
79 177
79 224
80 29
80 37
80 41
80 42
80 44
80 45
80 77
80 78
80 79
80 80
80 81
80 86
80 89
80 93
80 95
80 107
80 140
80 142
80 147
80 148
80 162
80 166
80 175
80 177
80 223
80 225
81 22
81 23
81 27
81 31
81 37
81 38
81 41
81 42
81 44
81 45
81 80
81 83
81 84
81 86
81 91
81 92
81 93
81 97
81 98
81 99
81 100
81 101
81 102
81 106
81 109
81 110
81 111
81 116
81 117
81 138
81 147
81 166
81 167
81 176
81 223
81 225
82 20
82 21
82 24
82 27
82 30
82 37
82 38
82 39
82 54
82 77
82 80
82 83
82 84
82 86
82 91
82 92
82 97
82 102
82 103
82 105
82 106
82 108
82 112
82 114
82 116
82 119
82 132
82 138
82 140
82 146
82 148
82 165
82 168
82 225
83 20
83 24
83 29
83 54
83 76
83 80
83 82
83 83
83 84
83 86
83 91
83 92
83 94
83 97
83 98
83 102
83 107
83 108
83 109
83 111
83 113
83 120
83 121
83 133
83 139
83 140
83 148
83 165
83 223
84 5
84 6
84 7
84 24
84 25
84 55
84 76
84 79
84 82
84 83
84 84
84 86
84 90
84 94
84 97
84 98
84 99
84 100
84 103
84 104
84 109
84 110
84 116
84 120
84 121
84 131
84 132
84 133
84 149
84 165
84 166
84 168
84 185
84 224
84 225
85 6
85 21
85 22
85 24
85 25
85 53
85 54
85 76
85 80
85 82
85 83
85 84
85 86
85 91
85 92
85 94
85 97
85 98
85 102
85 107
85 108
85 109
85 111
85 113
85 120
85 121
85 141
85 142
85 143
85 148
85 149
85 165
85 168
85 172
85 184
85 186
85 224
85 225
86 6
86 23
86 51
86 54
86 66
86 67
86 77
86 80
86 83
86 84
86 86
86 91
86 92
86 97
86 102
86 103
86 105
86 106
86 108
86 112
86 114
86 116
86 119
86 142
86 143
86 147
86 149
86 166
86 167
86 168
86 171
86 173
86 184
86 186
86 223
87 5
87 6
87 7
87 36
87 37
87 51
87 55
87 66
87 67
87 80
87 83
87 84
87 86
87 91
87 92
87 93
87 97
87 98
87 99
87 100
87 101
87 102
87 106
87 109
87 110
87 111
87 116
87 117
87 139
87 140
87 148
87 149
87 165
87 166
87 167
87 172
87 173
87 186
88 36
88 37
88 47
88 51
88 52
88 55
88 77
88 78
88 79
88 80
88 81
88 86
88 89
88 93
88 95
88 107
88 139
88 142
88 143
88 144
88 166
88 173
89 46
89 48
89 55
89 61
89 62
89 63
89 77
89 80
89 81
89 86
89 89
89 92
89 93
89 98
89 99
89 100
89 101
89 102
89 103
89 104
89 106
89 107
89 108
89 109
89 110
89 112
89 139
89 145
89 146
89 147
89 164
89 166
89 167
89 170
89 172
89 186
89 187
90 45
90 48
90 61
90 63
90 78
90 79
90 80
90 81
90 86
90 87
90 92
90 97
90 105
90 107
90 110
90 113
90 114
90 115
90 139
90 141
90 142
90 143
90 144
90 145
90 146
90 147
90 167
90 170
90 172
90 184
90 186
91 46
91 47
91 61
91 62
91 67
91 68
91 69
91 78
91 79
91 88
91 99
91 100
91 104
91 105
91 108
91 109
91 115
91 147
91 165
91 166
91 167
91 171
91 172
91 173
91 185
91 187
92 66
92 67
92 68
92 69
92 86
92 99
92 100
92 113
92 116
92 137
92 141
92 142
92 146
92 173
92 174
92 185
92 186
92 187
93 6
93 7
93 65
93 66
93 70
93 88
93 89
93 113
93 114
93 115
93 116
93 138
93 140
93 141
93 144
93 145
93 165
93 166
93 167
93 174
93 175
94 5
94 90
94 112
94 113
94 114
94 127
94 129
94 139
94 140
94 141
94 145
94 146
94 166
94 167
94 173
94 184
94 186
95 6
95 7
95 65
95 66
95 69
95 70
95 88
95 89
95 90
95 112
95 117
95 118
95 128
95 129
95 141
95 142
95 145
95 147
95 162
95 173
95 176
95 177
95 178
95 185
95 186
96 27
96 69
96 92
96 110
96 111
96 114
96 116
96 117
96 118
96 128
96 142
96 148
96 162
96 167
96 171
96 172
96 173
96 175
96 177
96 185
96 208
97 27
97 28
97 69
97 88
97 90
97 91
97 92
97 112
97 114
97 142
97 145
97 147
97 160
97 161
97 163
97 165
97 167
97 171
97 176
97 183
97 185
97 199
97 207
97 209
98 22
98 23
98 24
98 26
98 27
98 28
98 29
98 30
98 44
98 89
98 92
98 113
98 114
98 116
98 118
98 141
98 146
98 147
98 148
98 160
98 162
98 164
98 167
98 176
98 183
98 185
98 198
98 200
98 209
98 210
99 15
99 20
99 22
99 31
99 43
99 45
99 87
99 91
99 110
99 111
99 112
99 116
99 118
99 143
99 148
99 149
99 160
99 162
99 164
99 165
99 166
99 173
99 179
99 180
99 183
99 184
99 200
99 208
100 8
100 14
100 18
100 20
100 25
100 26
100 29
100 31
100 44
100 45
100 88
100 91
100 112
100 119
100 141
100 147
100 148
100 160
100 161
100 163
100 164
100 166
100 170
100 171
100 173
100 174
100 179
100 180
100 181
100 198
100 201
100 209
100 210
101 6
101 8
101 17
101 20
101 21
101 22
101 25
101 31
101 45
101 108
101 109
101 110
101 111
101 117
101 119
101 140
101 144
101 161
101 166
101 167
101 169
101 174
101 199
101 200
101 201
101 208
101 209
101 210
102 7
102 8
102 14
102 15
102 17
102 24
102 30
102 42
102 44
102 88
102 90
102 110
102 119
102 142
102 144
102 145
102 147
102 161
102 164
102 166
102 167
102 171
102 172
102 174
102 179
102 180
102 181
102 202
103 28
103 30
103 42
103 44
103 88
103 90
103 91
103 92
103 93
103 109
103 110
103 117
103 141
103 143
103 145
103 146
103 147
103 164
103 166
103 168
103 170
103 172
103 178
103 180
103 181
103 182
103 201
103 202
103 203
103 208
103 209
104 18
104 19
104 29
104 43
104 44
104 45
104 46
104 91
104 92
104 94
104 109
104 118
104 119
104 144
104 145
104 163
104 164
104 166
104 168
104 169
104 172
104 173
104 174
104 178
104 204
104 207
104 208
104 209
105 20
105 29
105 30
105 45
105 47
105 94
105 95
105 108
105 118
105 119
105 125
105 141
105 142
105 143
105 144
105 147
105 148
105 164
105 165
105 168
105 169
105 172
105 173
105 174
105 180
105 182
105 183
105 201
105 202
105 204
105 206
106 18
106 21
106 27
106 29
106 45
106 47
106 94
106 117
106 123
106 125
106 138
106 147
106 148
106 164
106 165
106 166
106 167
106 168
106 178
106 182
106 183
106 208
106 209
107 18
107 20
107 28
107 48
107 93
107 95
107 124
107 125
107 138
107 141
107 142
107 143
107 146
107 179
107 180
107 181
107 202
107 204
107 208
108 19
108 46
108 48
108 95
108 139
108 141
108 142
108 143
108 181
108 203
109 48
109 96
109 144
109 145
109 179
109 180
109 205
109 206
110 46
110 94
110 96
110 141
110 142
110 144
110 177
110 178
110 179
110 188
110 190
110 195
110 204
110 206
110 207
111 47
111 48
111 93
111 96
111 141
111 142
111 143
111 176
111 179
111 188
111 190
111 191
111 195
111 199
111 200
111 203
111 206
112 47
112 48
112 142
112 143
112 178
112 182
112 184
112 192
112 196
112 198
112 201
112 206
113 46
113 94
113 95
113 96
113 175
113 178
113 179
113 184
113 188
113 189
113 190
113 191
113 192
113 193
113 194
113 195
113 199
113 201
113 203
113 205
114 95
114 96
114 173
114 174
114 178
114 179
114 180
114 185
114 186
114 198
114 202
114 204
114 205
114 206
115 94
115 172
115 173
115 178
115 179
115 182
115 185
115 186
115 188
115 189
115 190
115 191
115 192
115 193
115 197
115 199
115 200
115 201
115 202
115 204
115 205
115 207
116 95
116 96
116 137
116 138
116 171
116 172
116 178
116 179
116 180
116 182
116 183
116 186
116 188
116 193
116 198
116 199
116 203
116 207
116 208
116 210
117 93
117 95
117 137
117 138
117 147
117 148
117 170
117 171
117 172
117 175
117 178
117 179
117 180
117 186
117 187
117 190
117 195
117 197
117 201
117 203
117 205
117 208
117 209
117 211
118 94
118 132
118 133
118 135
118 147
118 148
118 170
118 171
118 172
118 175
118 178
118 179
118 180
118 183
118 186
118 187
118 190
118 193
118 194
118 200
118 208
118 209
118 211
118 212
119 129
119 131
119 170
119 171
119 172
119 175
119 178
119 179
119 180
119 186
119 187
119 190
119 195
119 197
119 201
119 203
119 205
119 208
119 209
119 211
120 118
120 121
120 129
120 160
120 161
120 171
120 172
120 178
120 179
120 180
120 182
120 183
120 186
120 188
120 193
120 198
120 199
120 203
120 207
120 208
120 210
121 6
121 7
121 15
121 16
121 30
121 31
121 45
121 46
121 60
121 61
121 75
121 76
121 90
121 91
121 105
121 106
121 118
121 119
121 129
121 135
121 149
121 151
121 152
121 158
121 161
121 172
121 173
121 178
121 179
121 182
121 185
121 186
121 188
121 189
121 190
121 191
121 192
121 193
121 197
121 199
121 200
121 201
121 202
121 204
121 205
121 207
122 6
122 7
122 14
122 16
122 29
122 31
122 44
122 46
122 59
122 61
122 74
122 76
122 89
122 91
122 104
122 106
122 119
122 130
122 134
122 141
122 145
122 146
122 147
122 148
122 149
122 150
122 152
122 173
122 174
122 178
122 179
122 180
122 185
122 186
122 198
122 202
122 204
122 205
122 206
123 14
123 15
123 29
123 30
123 44
123 45
123 59
123 60
123 74
123 75
123 89
123 90
123 104
123 105
123 118
123 119
123 131
123 132
123 133
123 140
123 142
123 147
123 148
123 152
123 175
123 178
123 179
123 184
123 188
123 189
123 190
123 191
123 192
123 193
123 194
123 195
123 199
123 201
123 203
123 205
124 118
124 121
124 139
124 142
124 149
124 156
124 159
124 160
124 178
124 182
124 184
124 192
124 196
124 198
124 201
124 206
125 119
125 120
125 140
125 141
125 155
125 159
125 160
125 176
125 179
125 188
125 190
125 191
125 195
125 199
125 200
125 203
125 206
126 25
126 26
126 156
126 160
126 161
126 162
126 163
126 164
126 177
126 178
126 179
126 188
126 190
126 195
126 204
126 206
126 207
127 24
127 25
127 157
127 158
127 159
127 160
127 161
127 162
127 163
127 164
127 179
127 180
127 205
127 206
128 26
128 159
128 181
128 203
129 179
129 180
129 181
129 202
129 204
129 208
130 178
130 182
130 183
130 208
130 209
131 131
131 132
131 133
131 180
131 182
131 183
131 201
131 202
131 204
131 206
132 130
132 132
132 133
132 134
132 135
132 139
132 178
132 204
132 207
132 208
132 209
133 138
133 140
133 178
133 180
133 181
133 182
133 201
133 202
133 203
133 208
133 209
134 129
134 132
134 136
134 140
134 179
134 180
134 181
134 202
135 13
135 14
135 130
135 132
135 134
135 136
135 140
135 199
135 200
135 201
135 208
135 209
135 210
136 12
136 14
136 135
136 136
136 137
136 138
136 179
136 180
136 181
136 198
136 201
136 209
136 210
137 14
137 51
137 52
137 127
137 129
137 130
137 134
137 140
137 141
137 179
137 180
137 183
137 184
137 200
137 208
138 51
138 53
138 126
138 129
138 130
138 136
138 138
138 139
138 140
138 183
138 185
138 198
138 200
138 209
138 210
139 51
139 125
139 126
139 128
139 132
139 133
139 138
139 139
139 140
139 183
139 185
139 199
139 207
139 209
140 125
140 126
140 128
140 133
140 185
140 208
141 126
141 129
141 130
141 133
141 134
141 137
141 141
141 142
141 143
141 185
141 186
142 128
142 129
142 132
142 137
142 139
142 140
142 141
142 144
142 184
142 186
142 208
143 132
143 133
143 139
143 142
143 143
143 144
143 209
144 131
144 133
144 139
144 141
144 142
144 143
144 185
144 186
144 187
144 209
144 210
145 131
145 133
145 141
145 185
145 187
145 210
146 17
146 141
146 184
146 186
146 207
146 208
146 210
146 211
147 17
147 18
147 132
147 133
147 137
147 140
147 186
147 187
147 206
147 210
148 16
148 18
148 78
148 134
148 136
148 208
148 209
149 77
149 78
149 131
149 132
149 133
149 138
149 139
149 186
149 208
150 77
150 79
150 137
150 139
150 184
150 186
150 208
150 209
151 131
151 134
151 139
151 140
151 184
151 186
151 205
151 208
151 209
152 134
152 137
152 139
152 185
152 206
152 210
153 131
153 134
153 135
153 138
153 210
153 211
154 130
154 131
154 132
154 133
154 209
154 212
155 130
155 131
155 133
155 209
156 131
156 133
156 209
156 210
156 212
157 131
157 132
157 133
157 209
157 212
157 216
158 20
158 21
158 22
158 132
158 133
158 210
158 211
158 212
158 215
158 217
158 262
159 22
159 129
159 130
159 132
159 209
159 210
159 211
159 216
159 217
159 263
159 264
160 21
160 103
160 104
160 105
160 129
160 210
160 217
160 263
160 264
161 103
161 129
161 208
161 210
161 211
161 214
161 216
161 262
162 104
162 129
162 130
162 131
162 211
162 214
162 216
162 264
163 132
163 133
163 209
163 210
163 211
163 215
163 216
163 217
163 262
163 264
164 129
164 132
164 133
164 217
164 218
164 262
164 264
165 130
165 209
165 210
165 211
165 218
165 219
165 263
166 131
166 132
166 210
166 211
166 217
166 264
166 265
167 130
167 131
167 132
167 206
167 217
167 220
167 221
167 222
167 264
168 206
168 211
168 215
168 216
168 217
168 219
168 221
168 262
168 263
168 264
169 24
169 25
169 194
169 204
169 205
169 207
169 209
169 211
169 215
169 220
169 263
170 25
170 26
170 117
170 195
170 196
170 204
170 206
170 208
170 211
170 220
170 261
170 286
171 24
171 116
171 118
171 130
171 131
171 195
171 196
171 204
171 206
171 208
171 209
171 210
171 217
171 262
171 263
171 285
171 287
172 118
172 119
172 129
172 130
172 194
172 204
172 205
172 207
172 208
172 210
172 214
172 215
172 217
172 218
172 258
172 262
172 263
172 276
172 277
172 278
172 285
172 287
173 117
173 131
173 196
173 205
173 210
173 211
173 213
173 218
173 258
173 261
173 277
173 278
173 287
174 118
174 119
174 195
174 196
174 197
174 205
174 208
174 210
174 211
174 215
174 216
174 218
174 258
174 260
174 276
175 69
175 117
175 118
175 119
175 197
175 208
175 210
175 212
175 214
175 216
175 257
175 277
175 278
175 279
175 287
175 288
176 70
176 71
176 197
176 198
176 207
176 208
176 210
176 212
176 213
176 216
176 217
176 218
176 280
176 285
176 287
177 70
177 71
177 116
177 119
177 197
177 208
177 209
177 212
177 213
177 216
177 217
177 218
177 256
177 258
177 259
177 260
177 279
177 280
177 283
177 286
177 287
178 69
178 117
178 119
178 193
178 196
178 208
178 209
178 210
178 211
178 212
178 256
178 257
178 260
178 282
179 71
179 119
179 192
179 257
179 258
179 260
179 261
179 279
179 280
179 282
179 284
179 286
180 28
180 29
180 42
180 69
180 71
180 118
180 194
180 195
180 256
180 260
180 279
180 280
180 283
180 284
180 286
181 27
181 29
181 41
181 43
181 51
181 71
181 116
181 118
181 193
181 195
181 257
181 258
181 259
181 280
181 282
181 283
181 284
181 286
182 29
182 41
182 44
182 50
182 52
182 68
182 70
182 117
182 140
182 156
182 157
182 195
182 196
182 258
182 280
182 284
182 285
183 43
183 52
183 53
183 68
183 70
183 117
183 118
183 131
183 141
183 142
183 156
183 158
183 193
183 195
183 209
183 242
183 257
183 284
184 41
184 42
184 52
184 66
184 67
184 68
184 69
184 114
184 115
184 117
184 132
184 141
184 142
184 156
184 194
184 210
184 236
184 237
184 238
184 241
184 243
184 255
184 256
184 257
184 267
184 268
184 281
184 284
185 51
185 53
185 65
185 67
185 111
185 113
185 114
185 115
185 116
185 132
185 133
185 140
185 209
185 219
185 220
185 236
185 237
185 238
185 240
185 254
185 266
185 267
185 268
185 272
185 273
185 274
185 276
185 277
185 281
185 283
185 284
186 37
186 38
186 40
186 47
186 53
186 65
186 67
186 111
186 113
186 133
186 142
186 197
186 198
186 199
186 218
186 221
186 228
186 240
186 254
186 255
186 256
186 260
186 261
186 270
186 278
186 279
186 281
186 282
186 283
187 40
187 43
187 44
187 45
187 48
187 54
187 68
187 131
187 132
187 133
187 134
187 140
187 142
187 197
187 198
187 199
187 219
187 221
187 228
187 229
187 236
187 238
187 241
187 242
187 253
187 254
187 256
187 260
187 261
187 262
187 266
187 267
187 268
187 269
187 270
187 271
187 272
187 273
187 277
187 278
187 279
187 281
187 282
188 37
188 41
188 43
188 48
188 49
188 52
188 54
188 67
188 68
188 111
188 114
188 135
188 142
188 198
188 199
188 211
188 220
188 224
188 225
188 228
188 229
188 230
188 236
188 240
188 253
188 254
188 255
188 258
188 259
188 265
188 273
189 38
189 43
189 45
189 54
189 66
189 68
189 110
189 114
189 133
189 134
189 135
189 139
189 141
189 200
189 210
189 211
189 212
189 224
189 225
189 238
189 239
189 240
189 253
189 254
189 255
189 258
189 259
189 261
189 262
189 264
189 265
189 266
189 267
189 268
189 269
189 270
189 271
189 273
189 274
189 276
189 277
189 278
189 279
189 283
189 284
189 285
190 45
190 46
190 47
190 49
190 50
190 51
190 52
190 53
190 67
190 112
190 115
190 136
190 137
190 139
190 141
190 198
190 201
190 202
190 224
190 225
190 230
190 231
190 253
190 254
190 255
190 258
190 264
190 268
190 271
190 273
190 274
190 280
190 281
190 283
190 284
190 285
190 288
191 50
191 51
191 111
191 113
191 114
191 115
191 135
191 137
191 197
191 201
191 211
191 225
191 227
191 253
191 254
191 255
191 258
191 260
191 264
191 269
191 270
191 273
191 274
191 275
191 279
191 280
191 281
191 283
191 287
191 289
192 38
192 50
192 60
192 61
192 115
192 133
192 134
192 137
192 139
192 140
192 141
192 198
192 201
192 210
192 211
192 212
192 225
192 228
192 253
192 254
192 255
192 258
192 262
192 263
192 264
192 269
192 270
192 271
192 279
192 287
192 290
193 37
193 38
193 39
193 60
193 62
193 63
193 111
193 112
193 113
193 135
193 140
193 141
193 183
193 198
193 199
193 200
193 209
193 216
193 217
193 226
193 227
193 253
193 254
193 255
193 258
193 260
193 264
193 269
193 270
193 273
193 274
193 275
193 279
193 280
193 281
193 283
193 287
193 289
194 36
194 37
194 40
194 60
194 64
194 113
194 135
194 136
194 137
194 182
194 183
194 211
194 216
194 217
194 253
194 254
194 255
194 258
194 264
194 268
194 271
194 273
194 274
194 280
194 281
194 283
194 284
194 285
194 288
195 36
195 40
195 60
195 61
195 64
195 111
195 112
195 136
195 137
195 138
195 139
195 182
195 184
195 208
195 238
195 239
195 240
195 253
195 254
195 255
195 258
195 259
195 261
195 262
195 264
195 265
195 266
195 267
195 268
195 269
195 270
195 271
195 273
195 274
195 276
195 277
195 278
195 279
195 283
195 284
195 285
196 35
196 36
196 38
196 61
196 62
196 63
196 68
196 95
196 97
196 109
196 122
196 123
196 136
196 139
196 209
196 237
196 238
196 239
196 240
196 253
196 254
196 255
196 258
196 259
196 265
196 273
197 35
197 36
197 38
197 57
197 58
197 62
197 67
197 69
197 76
197 77
197 95
197 97
197 98
197 111
197 122
197 123
197 127
197 128
197 131
197 132
197 138
197 238
197 240
197 241
197 253
197 254
197 256
197 260
197 261
197 262
197 266
197 267
197 268
197 269
197 270
197 271
197 272
197 273
197 277
197 278
197 279
197 281
197 282
198 35
198 40
198 41
198 56
198 59
198 67
198 70
198 75
198 78
198 92
198 93
198 94
198 95
198 96
198 98
198 109
198 110
198 115
198 120
198 128
198 130
198 133
198 136
198 137
198 138
198 236
198 238
198 239
198 242
198 254
198 255
198 256
198 260
198 261
198 270
198 278
198 279
198 281
198 282
198 283
199 36
199 39
199 57
199 58
199 68
199 69
199 70
199 76
199 78
199 106
199 109
199 112
199 115
199 116
199 121
199 122
199 123
199 124
199 125
199 126
199 127
199 129
199 130
199 131
199 132
199 133
199 135
199 188
199 192
199 219
199 220
199 221
199 222
199 236
199 237
199 238
199 239
199 240
199 241
199 254
199 266
199 267
199 268
199 272
199 273
199 274
199 276
199 277
199 281
199 283
199 284
200 36
200 51
200 52
200 70
200 71
200 77
200 85
200 105
200 106
200 109
200 112
200 116
200 118
200 130
200 187
200 220
200 236
200 237
200 240
200 255
200 256
200 257
200 267
200 268
200 281
200 284
201 32
201 37
201 38
201 40
201 41
201 51
201 52
201 66
201 67
201 68
201 81
201 82
201 83
201 85
201 86
201 87
201 90
201 91
201 104
201 106
201 109
201 114
201 115
201 116
201 120
201 121
201 122
201 123
201 124
201 125
201 129
201 132
201 133
201 134
201 139
201 140
201 187
201 193
201 217
201 223
201 257
201 284
202 31
202 32
202 38
202 41
202 66
202 67
202 69
202 81
202 82
202 83
202 86
202 88
202 109
202 114
202 115
202 120
202 125
202 126
202 128
202 129
202 131
202 135
202 137
202 139
202 142
202 187
202 188
202 190
202 199
202 200
202 219
202 222
202 223
202 243
202 258
202 280
202 284
202 285
203 30
203 33
203 37
203 41
203 42
203 62
203 68
203 69
203 71
203 73
203 87
203 88
203 90
203 106
203 109
203 114
203 115
203 117
203 120
203 121
203 125
203 130
203 131
203 132
203 134
203 136
203 143
203 144
203 193
203 198
203 201
203 216
203 218
203 219
203 221
203 222
203 223
203 224
203 242
203 257
203 258
203 259
203 280
203 282
203 283
203 284
203 286
204 31
204 32
204 37
204 39
204 40
204 41
204 42
204 55
204 56
204 57
204 59
204 62
204 72
204 73
204 74
204 106
204 107
204 108
204 109
204 113
204 117
204 120
204 121
204 122
204 123
204 126
204 127
204 132
204 133
204 139
204 143
204 144
204 185
204 193
204 195
204 196
204 199
204 200
204 201
204 216
204 217
204 218
204 225
204 245
204 250
204 256
204 260
204 279
204 280
204 283
204 284
204 286
205 31
205 32
205 37
205 38
205 39
205 55
205 56
205 57
205 59
205 71
205 72
205 73
205 74
205 87
205 88
205 90
205 106
205 109
205 114
205 115
205 117
205 120
205 121
205 125
205 130
205 131
205 132
205 134
205 136
205 143
205 144
205 185
205 188
205 198
205 201
205 219
205 220
205 221
205 223
205 225
205 226
205 242
205 243
205 245
205 246
205 251
205 257
205 258
205 260
205 261
205 279
205 280
205 282
205 284
205 286
206 34
206 70
206 71
206 72
206 73
206 86
206 88
206 109
206 114
206 115
206 120
206 125
206 126
206 128
206 129
206 131
206 135
206 137
206 139
206 142
206 185
206 190
206 199
206 200
206 218
206 222
206 225
206 242
206 244
206 246
206 248
206 251
206 252
206 256
206 257
206 260
206 282
207 32
207 59
207 60
207 61
207 68
207 69
207 70
207 85
207 86
207 87
207 90
207 91
207 104
207 106
207 109
207 114
207 115
207 116
207 120
207 121
207 122
207 123
207 124
207 125
207 129
207 132
207 133
207 134
207 139
207 140
207 187
207 188
207 189
207 202
207 220
207 224
207 225
207 242
207 244
207 250
207 256
207 258
207 259
207 260
207 279
207 280
207 283
207 286
207 287
208 32
208 33
208 34
208 68
208 69
208 85
208 105
208 106
208 109
208 112
208 116
208 118
208 130
208 187
208 188
208 189
208 199
208 200
208 202
208 218
208 222
208 240
208 241
208 242
208 244
208 245
208 247
208 248
208 250
208 251
208 252
208 280
208 285
208 287
209 67
209 68
209 69
209 77
209 78
209 106
209 109
209 112
209 115
209 116
209 121
209 122
209 123
209 124
209 125
209 126
209 127
209 129
209 130
209 131
209 132
209 133
209 135
209 199
209 200
209 202
209 218
209 220
209 221
209 222
209 226
209 239
209 240
209 241
209 251
209 252
209 257
209 277
209 278
209 279
209 287
209 288
210 67
210 68
210 69
210 76
210 79
210 92
210 93
210 94
210 95
210 96
210 98
210 109
210 110
210 115
210 120
210 128
210 130
210 133
210 136
210 137
210 138
210 198
210 199
210 200
210 201
210 203
210 219
210 220
210 221
210 226
210 236
210 237
210 241
210 242
210 244
210 248
210 249
210 258
210 260
210 276
211 37
211 38
211 39
211 68
211 69
211 73
211 74
211 77
211 78
211 79
211 95
211 97
211 98
211 111
211 122
211 123
211 127
211 128
211 131
211 132
211 138
211 199
211 201
211 202
211 203
211 223
211 226
211 227
211 239
211 243
211 244
211 248
211 249
211 251
211 258
211 261
211 277
211 278
211 287
212 38
212 39
212 69
212 76
212 79
212 95
212 97
212 109
212 122
212 123
212 136
212 139
212 197
212 200
212 201
212 204
212 219
212 220
212 239
212 249
212 250
212 251
212 252
212 253
212 258
212 262
212 263
212 276
212 277
212 278
212 285
212 287
213 77
213 78
213 111
213 112
213 136
213 137
213 138
213 139
213 198
213 203
213 204
213 218
213 224
213 225
213 236
213 237
213 241
213 243
213 244
213 245
213 249
213 252
213 253
213 254
213 262
213 263
213 285
213 287
214 36
214 37
214 38
214 80
214 113
214 135
214 136
214 137
214 202
214 220
214 223
214 224
214 225
214 239
214 240
214 241
214 242
214 243
214 245
214 250
214 255
214 261
214 286
215 36
215 37
215 38
215 77
215 78
215 80
215 97
215 98
215 99
215 111
215 112
215 113
215 135
215 140
215 141
215 202
215 203
215 204
215 219
215 220
215 223
215 224
215 225
215 242
215 244
215 250
215 255
215 263
216 56
216 57
216 70
216 71
216 77
216 78
216 80
216 96
216 98
216 99
216 100
216 101
216 105
216 115
216 133
216 134
216 137
216 139
216 140
216 141
216 202
216 203
216 204
216 242
216 244
216 245
216 252
216 255
216 262
216 263
216 264
217 39
217 40
217 41
217 54
217 57
217 69
217 72
217 76
217 77
217 78
217 79
217 81
217 104
217 106
217 111
217 113
217 114
217 115
217 135
217 137
217 216
217 217
217 218
217 222
217 252
217 264
218 39
218 41
218 55
218 56
218 57
218 66
218 67
218 70
218 71
218 72
218 77
218 79
218 80
218 81
218 95
218 98
218 102
218 106
218 112
218 115
218 136
218 137
218 139
218 141
218 201
218 203
218 216
218 217
218 218
218 220
218 221
218 222
218 223
218 244
218 251
218 252
218 264
218 265
219 69
219 72
219 75
219 78
219 79
219 82
219 96
219 98
219 100
219 102
219 106
219 110
219 114
219 133
219 134
219 135
219 139
219 141
219 202
219 203
219 216
219 217
219 221
219 223
219 224
219 244
219 263
220 40
220 41
220 42
220 70
220 71
220 76
220 81
220 82
220 101
220 102
220 103
220 104
220 111
220 114
220 135
220 142
220 202
220 217
220 219
220 220
220 221
220 224
220 225
220 242
220 245
220 248
220 249
220 250
220 262
220 264
221 41
221 42
221 62
221 73
221 80
221 93
221 95
221 96
221 100
221 106
221 107
221 131
221 132
221 133
221 134
221 140
221 142
221 200
221 202
221 215
221 218
221 243
221 244
221 248
221 249
221 250
221 262
221 264
222 40
222 63
222 64
222 70
222 71
222 73
222 80
222 81
222 82
222 92
222 95
222 96
222 102
222 104
222 105
222 106
222 111
222 113
222 133
222 142
222 200
222 202
222 218
222 219
222 220
222 221
222 222
222 223
222 226
222 242
222 244
222 264
223 41
223 42
223 63
223 64
223 70
223 71
223 73
223 80
223 81
223 82
223 91
223 92
223 94
223 98
223 99
223 104
223 105
223 106
223 111
223 113
223 114
223 115
223 116
223 132
223 133
223 140
223 201
223 215
223 218
223 219
223 226
223 250
223 251
223 262
224 39
224 41
224 69
224 70
224 71
224 72
224 74
224 91
224 92
224 94
224 99
224 114
224 115
224 117
224 132
224 141
224 142
224 216
224 220
224 221
224 227
224 244
224 245
224 250
224 251
224 263
224 264
225 40
225 61
225 62
225 63
225 70
225 72
225 73
225 74
225 79
225 81
225 92
225 95
225 96
225 99
225 100
225 103
225 107
225 108
225 109
225 117
225 118
225 131
225 141
225 142
225 220
225 225
225 226
225 227
225 241
225 242
225 245
225 246
225 249
225 263
225 264
226 61
226 62
226 63
226 68
226 71
226 72
226 75
226 80
226 81
226 94
226 95
226 98
226 103
226 105
226 106
226 107
226 110
226 117
226 140
226 216
226 219
226 244
226 262
227 69
227 74
227 75
227 80
227 98
227 99
227 105
227 108
227 109
227 110
227 116
227 118
227 224
227 226
227 244
227 245
228 64
228 65
228 66
228 73
228 78
228 80
228 97
228 99
228 105
228 107
228 108
228 109
228 118
228 217
228 218
228 225
228 226
228 244
228 245
229 64
229 66
229 73
229 74
229 75
229 78
229 80
229 97
229 99
229 107
229 119
229 216
229 217
229 218
229 225
229 242
229 245
230 73
230 74
230 75
230 79
230 107
230 117
230 119
230 218
230 219
230 220
230 223
230 225
230 241
231 65
231 66
231 67
231 98
231 99
231 103
231 106
231 116
231 119
231 220
231 223
231 225
231 240
231 241
231 242
231 243
231 244
232 66
232 67
232 72
232 74
232 100
232 102
232 218
232 220
232 223
232 224
232 239
232 240
233 65
233 73
233 74
233 97
233 98
233 99
233 104
233 105
233 117
233 118
233 119
233 219
233 220
233 221
233 239
233 240
234 66
234 67
234 73
234 103
234 105
234 118
234 119
234 218
234 240
234 241
234 242
234 243
235 64
235 66
235 71
235 73
235 97
235 100
235 105
235 106
235 117
235 219
235 220
235 240
235 244
236 65
236 71
236 73
236 100
236 103
236 105
236 118
236 119
236 218
236 219
236 220
236 242
236 243
236 244
237 72
237 97
237 100
237 101
237 104
237 116
237 118
237 241
237 244
238 96
238 97
238 98
238 99
238 117
238 243
239 96
239 97
239 99
239 241
239 243
240 97
240 99
240 242
241 97
241 98
241 99
242 98
242 99
243 95
243 96
243 98
244 95
245 95
246 95
246 96
246 97
247 98
247 99
248 95
248 98
248 99
249 96
250 97
250 98
251 96
251 97
251 98
